19986.609595075
19892.934889948654
19831.17413091934
19770.913180363776
19710.810474797596
19650.722695941477
19590.634910873734
19530.547122305856
19470.459333007253
19410.371543295798
19350.283753498075
19290.195963651568
19230.10817379484
19170.02038393238
19109.932594068705
19049.844804204346
18989.757014339833
18929.66922447524
18869.581434610634
18809.493644746064
18749.405854881523
18689.31806501687
18629.230275152207
18569.14248528757
18509.054695422918
18448.966905558344
18388.87911569376
18328.791325829174
18268.70353596458
18208.615746099982
18148.527956235383
18088.44016637077
18028.352376506176
17968.26458664159
17908.176796777014
17848.08900691242
17788.001217047837
17727.913427183244
17667.825637318674
17607.73784745409
17547.650057589468
17487.562267724847
17427.47447786019
17367.386687995626
17307.298898131066
17247.211108266496
17187.123318401907
17127.035528537326
17066.947738672752
17006.85994880816
16946.772158943564
16886.684369078965
16826.596579214376
16766.50878934978
16706.420999485163
16646.333209620545
16586.245419755945
16526.157629891346
16466.069840026736
16405.98205016212
16345.894260297508
16285.8064704329
16225.718680568283
16165.630890703702
16105.543100839132
16045.455310974503
15985.36752110987
15925.27973124528
15865.191941380694
15805.104151516112
15745.016361651546
15684.928571786972
15624.840781922394
15564.752992057794
15504.665202193188
15444.577412328617
15384.489622464025
15324.401832599393
15264.314042734764
15204.226252870214
15144.1384630057
15084.05067314108
15023.962883276461
14963.875093411829
14903.787303547208
14843.6995136826
14783.611723817972
14723.52393395336
14663.436144088744
14603.348354224112
14543.26056435945
14483.172774494844
14423.084984630237
14362.997194765667
14302.909404901096
14242.82161503649
14182.73382517189
14122.646035307265
14062.558245442655
14002.470455578044
13942.382665713416
13882.294875848811
13822.207085984215
13762.119296119607
13702.031506254989
13641.94371639038
13581.855926525794
13521.768136661169
13461.680346796551
13401.592556931973
13341.504767067381
13281.416977202785
13221.329187338179
13161.241397473561
13101.153607608927
13041.065817744335
12980.978027879737
12920.890238015101
12860.802448150458
12800.71465828584
12740.626868421221
12680.539078556601
12620.451288691962
12560.363498827344
12500.275708962723
12440.18791909811
12380.100129233497
12320.0123393689
12259.924549504292
12199.836759639664
12139.74896977502
12079.661179910421
12019.573390045825
11959.485600181217
11899.397810316608
11839.310020452005
11779.222230587398
11719.1344407228
11659.0466508582
11598.958860993576
11538.87107112894
11478.783281264332
11418.695491399736
11358.607701535133
11298.519911670537
11238.43212180593
11178.344331941324
11118.256542076711
11058.1687522121
10998.080962347482
10937.993172482855
10877.905382618232
10817.817592753607
10757.729802888985
10697.64201302436
10637.554223159743
10577.46643329512
10517.378643430508
10457.290853565892
10397.203063701283
10337.115273836673
10277.02748397206
10216.939694107445
10156.851904242836
10096.764114378228
10036.67632451361
9976.588534648992
9916.500744784396
9856.412954919804
9796.325165055187
9736.237375190558
9676.14958532594
9616.061795461312
9555.974005596701
9495.886215732102
9435.798425867491
9375.710636002881
9315.622846138252
9255.53505627362
9195.44726640899
9135.359476544354
9075.27168667975
9015.183896815142
8955.09610695054
8895.008317085933
8834.9205272213
8774.832737356672
8714.744947492065
8654.657157627456
8594.569367762842
8534.481577898227
8474.393788033629
8414.305998169031
8354.218208304424
8294.130418439821
8234.042628575196
8173.9548387105715
8113.867048845948
8053.7792589813325
7993.691469116705
7933.603679252086
7873.515889387489
7813.428099522898
7753.340309658281
7693.252519793653
7633.16472992902
7573.076940064385
7512.989150199782
7452.901360335177
7392.81357047056
7332.725780605944
7272.637990741326
7212.550200876707
7152.462411012095
7092.37462114749
7032.28683128287
6972.199041418243
6912.111251553614
6852.023461689007
6791.935671824376
6731.847881959733
6671.760092095114
6611.672302230496
6551.584512365869
6491.496722501239
6431.408932636614
6371.321142771988
6311.233352907371
6251.145563042764
6191.057773178142
6130.969983313521
6070.882193448895
6010.794403584263
5950.706613719651
5890.618823855037
5830.531033990417
5770.443244125796
5710.355454261172
5650.267664396546
5590.179874531917
5530.092084667291
5470.004294802677
5409.916504938064
5349.828715073436
5289.740925208811
5229.653135344193
5169.565345479577
5109.47755561496
5049.389765750343
4989.301975885708
