30730.755438556494
30819.427270431042
30891.556250501475
30963.661097767294
31035.766467127745
31107.87181500991
31179.977162857707
31252.082510696666
31324.187858534635
31396.29320637221
31468.398554209773
31540.50390204745
31612.609249885216
31684.71459772275
31756.819945560215
31828.925293397737
31901.030641235233
31973.135989072696
32045.24133691004
32117.346684747605
32189.452032585206
32261.55738042282
32333.662728260402
32405.768076097927
32477.87342393538
32549.97877177293
32622.084119610485
32694.1894674481
32766.294815285797
32838.40016312337
32910.50551096087
32982.61085879853
33054.716206636185
33126.82155447369
33198.926902311076
33271.03225014862
33343.13759798619
33415.242945823746
33487.348293661285
33559.45364149877
33631.558989336336
33703.664337173905
33775.76968501149
33847.875032849
33919.980380686466
33992.08572852398
34064.19107636149
34136.296424199056
34208.401772036654
34280.507119874164
34352.6124677117
34424.717815549324
34496.8231633869
34568.92851122451
34641.033859062154
34713.13920689964
34785.2445547372
34857.34990257462
34929.45525041205
35001.560598249685
35073.66594608725
35145.77129392493
35217.876641762654
35289.98198960033
35362.08733743796
35434.1926852756
35506.2980331133
35578.403380951015
35650.50872878882
35722.61407662633
35794.71942446388
35866.82477230145
35938.93012013906
36011.03546797663
36083.14081581426
36155.246163651755
36227.35151148921
36299.456859326834
36371.562207164505
36443.6675550021
36515.77290283979
36587.878250677284
36659.98359851475
36732.08894635235
36804.1942941899
36876.29964202737
36948.4049898648
37020.51033770226
37092.615685539706
37164.72103337726
37236.82638121482
37308.93172905227
37381.037076889785
37453.14242472738
37525.247772565024
37597.353120402644
37669.458468240315
37741.5638160778
37813.66916391524
37885.774511752876
37957.87985959052
38029.9852074281
38102.090555265655
38174.195903103384
38246.30125094107
38318.40659877876
38390.51194661648
38462.617294454045
38534.72264229168
38606.82799012938
38678.93333796704
38751.03868580455
38823.14403364205
38895.249381479516
38967.354729317056
39039.46007715458
39111.56542499212
39183.67077282963
39255.77612066716
39327.88146850477
39399.98681634235
39472.09216417985
39544.197512017185
39616.302859854615
39688.408207692104
39760.51355552972
39832.618903367285
39904.724251204985
39976.82959904277
40048.93494688031
40121.040294717735
40193.14564255513
40265.250990392495
40337.35633822983
40409.46168606696
40481.5670339043
40553.67238174158
40625.77772957942
40697.88307741725
40769.98842525485
40842.09377309242
40914.19912093021
40986.30446876807
41058.40981660584
41130.51516444379
41202.62051228137
41274.72586011891
41346.8312079565
41418.936555794084
41491.041903631754
41563.147251469374
41635.25259930671
41707.35794714412
41779.46329498166
41851.56864281912
41923.67399065706
41995.77933849508
42067.884686332756
42139.99003417049
42212.09538200818
42284.20072984585
42356.30607768333
42428.41142552091
42500.51677335851
42572.622121195935
42644.72746903354
42716.832816871145
42788.93816470879
42861.04351254659
42933.1488603842
43005.25420822191
43077.359556059455
43149.46490389693
43221.57025173456
43293.675599572176
43365.7809474097
43437.88629524718
43509.99164308468
43582.09699092206
43654.20233875951
43726.3076865969
43798.4130344343
43870.518382271766
43942.623730109306
44014.72907794685
44086.83442578465
44158.93977362251
44231.04512146013
44303.15046929787
44375.25581713593
44447.36116497401
44519.46651281127
44591.57186064862
44663.677208486566
44735.7825563244
44807.887904162024
44879.99325199964
44952.09859983738
45024.20394767503
45096.30929551282
45168.414643350654
45240.51999118846
45312.625339026374
45384.73068686381
45456.83603470116
45528.94138253906
45601.04673037675
45673.15207821426
45745.25742605211
45817.36277388952
45889.46812172701
45961.573469564595
46033.67881740225
46105.78416523994
46177.88951307749
46249.99486091516
46322.10020875281
46394.20555659043
46466.31090442797
46538.41625226544
46610.52160010305
46682.6269479405
46754.732295778085
46826.83764361574
46898.94299145341
46971.04833929101
47043.153687128666
47115.25903496629
47187.36438280409
47259.46973064137
47331.575078478636
47403.68042631657
47475.78577415445
47547.89112199217
47619.99646982985
47692.10181766757
47764.207165505075
47836.31251334272
47908.41786118035
47980.52320901797
48052.62855685544
48124.73390469313
48196.83925253095
48268.94460036875
48341.04994820645
48413.15529604409
48485.26064388188
48557.365991719416
48629.47133955694
48701.57668739436
